Loaded file for Distance with 1 dimensions and 674 records averaging 3114.81
Loaded file for Weight with 1 dimensions and 266 records averaging 199.4
Frames merged
Values sorted
           Date  Weight   Distance
0    2020-05-06   206.5        NaN
1    2020-05-01   204.9        NaN
2    2020-04-30   205.4        NaN
3    2020-04-30   208.2        NaN
4    2020-04-24   206.9        NaN
5    2020-04-23   207.9        NaN
6    2020-04-22   208.8        NaN
7    2020-04-21   210.2        NaN
8    2020-04-20   210.1   3120.809
266  2020-04-19     NaN  13140.382
267  2020-04-18     NaN   1030.216
268  2020-04-17     NaN   1773.115
269  2020-04-16     NaN   9711.128
270  2020-04-15     NaN   2257.269
9    2020-04-14   208.0   6751.792
10   2020-04-13   206.1   2337.433
271  2020-04-12     NaN  16604.199
272  2020-04-11     NaN    459.549
11   2020-04-10   205.9   2816.032
273  2020-04-09     NaN  10453.393
13   2020-04-08   209.4   6412.265
12   2020-04-08   207.4   6412.265
274  2020-04-07     NaN   6057.142
14   2020-04-06   209.6   1895.343
275  2020-04-05     NaN  17725.338
276  2020-04-04     NaN    718.294
15   2020-04-03   204.2   2530.300
16   2020-04-02   205.3   8899.250
17   2020-04-01   204.2   4221.015
18   2020-03-31   206.4   6969.434
19   2020-03-30   206.7   4492.318
20   2020-03-29   205.2   8345.996
277  2020-03-28     NaN  14496.466
21   2020-03-27   207.6   5536.275
22   2020-03-26   209.0   6256.040
23   2020-03-25   207.2   4644.700
24   2020-03-24   210.4   7559.946
25   2020-03-23   210.5   3671.633
26   2020-03-22   209.9   8637.163
27   2020-03-21   205.2   1399.285
28   2020-03-20   204.5   2624.750
29   2020-03-19   205.8   6567.353
30   2020-03-18   207.9   2912.067
31   2020-03-17   211.9  11297.240
278  2020-03-16     NaN   7739.852
279  2020-03-15     NaN   5567.765
32   2020-03-14   214.0   6311.692
33   2020-03-14   214.1   6311.692
280  2020-03-13     NaN   6997.216
281  2020-03-12     NaN   7606.771
34   2020-03-11   209.2   7734.562
282  2020-03-10     NaN   6068.591
283  2020-03-09     NaN  11774.443
284  2020-03-08     NaN   6717.835
285  2020-03-07     NaN  15509.677
35   2020-03-06   207.4   8134.923
36   2020-03-05   209.7   6867.842
286  2020-03-04     NaN   8870.254
37   2020-03-03   211.4   3111.284
38   2020-03-02   211.5  12598.501
287  2020-03-01     NaN    992.912
288  2020-02-29     NaN   4689.150
289  2020-02-28     NaN   1586.597
39   2020-02-27   208.0   4497.873
290  2020-02-26     NaN   3619.251
40   2020-02-25   209.6   4742.330
41   2020-02-24   212.5   4594.703
291  2020-02-23     NaN   1292.929
292  2020-02-22     NaN   6838.478
42   2020-02-21   209.9   6204.307
293  2020-02-20     NaN  10909.939
43   2020-02-19   211.7   8242.519
44   2020-02-18   214.4   7186.911
294  2020-02-17     NaN   4583.585
295  2020-02-16     NaN   6752.813
296  2020-02-15     NaN   1002.437
297  2020-02-14     NaN   6929.352
45   2020-02-13   210.3   6473.377
46   2020-02-12   212.4  16575.547
47   2020-02-11   211.5   5999.542
48   2020-02-10   210.6   5109.011
298  2020-02-09     NaN   4339.126
299  2020-02-08     NaN   4241.505
49   2020-02-07   212.3   6288.442
50   2020-02-06   213.1   9986.398
51   2020-02-05   215.4  14542.873
52   2020-02-04   213.6   2727.932
53   2020-02-03   210.5   3509.719
300  2020-02-02     NaN   1835.817
54   2020-02-01   212.0   2063.607
55   2020-01-31   211.9   5425.695
57   2020-01-30   215.4   7770.272
56   2020-01-30   212.2   7770.272
58   2020-01-29   213.8  17113.594
301  2020-01-28     NaN   8152.838
302  2020-01-27     NaN   8176.556
303  2020-01-26     NaN   1455.638
304  2020-01-25     NaN  10406.134
59   2020-01-24   209.8   8472.693
305  2020-01-23     NaN   6924.986
306  2020-01-22     NaN   7660.744
307  2020-01-21     NaN   8066.327
308  2020-01-20     NaN   5279.663
60   2020-01-19   213.3   1678.664
309  2020-01-18     NaN   7702.810
310  2020-01-17     NaN   4120.866
61   2020-01-16   215.9   6590.835
311  2020-01-15     NaN   7109.126
312  2020-01-14     NaN   9679.104
62   2020-01-13   216.7   7503.588
313  2020-01-12     NaN   3896.251
314  2020-01-11     NaN   1080.219
63   2019-12-06   212.9        NaN
64   2019-12-05   212.4        NaN
65   2019-11-16   212.0        NaN
66   2019-10-17   194.5        NaN
67   2019-10-03   195.8        NaN
315  2019-07-05     NaN   6597.125
316  2019-07-04     NaN   3069.980
317  2019-07-03     NaN   5395.535
318  2019-07-02     NaN   7491.681
68   2019-07-01   205.3   8723.500
319  2019-06-30     NaN   3980.384
320  2019-06-29     NaN    973.864
321  2019-06-28     NaN   6418.608
69   2019-06-27   202.3   3350.979
70   2019-06-25   205.2        NaN
71   2019-06-14   200.1   8717.948
322  2019-06-13     NaN   6242.405
323  2019-06-12     NaN   5982.079
324  2019-06-11     NaN  11887.661
72   2019-06-10   201.0   6686.086
325  2019-06-09     NaN  11849.872
326  2019-06-08     NaN    491.297
327  2019-06-07     NaN   7482.159
73   2019-06-06   203.3   5959.854
328  2019-06-05     NaN   6944.039
329  2019-06-04     NaN   1942.171
74   2019-06-03   206.1   6744.025
330  2019-06-02     NaN     97.624
331  2019-06-01     NaN   6056.682
332  2019-05-31     NaN   5218.545
333  2019-05-30     NaN   4330.397
334  2019-05-29     NaN  10849.805
335  2019-05-26     NaN      0.000
336  2019-05-25     NaN      0.000
337  2019-05-05     NaN      0.000
75   2019-03-18   206.3        NaN
338  2019-03-17     NaN      0.000
339  2019-03-16     NaN      0.000
340  2019-03-15     NaN      0.000
341  2019-03-14     NaN      0.000
342  2019-03-13     NaN      0.000
343  2019-03-12     NaN      0.000
344  2019-03-11     NaN      0.000
345  2019-03-10     NaN      0.000
346  2019-03-09     NaN      0.000
347  2019-03-08     NaN      0.000
348  2019-03-07     NaN      0.000
76   2019-03-06   202.4      0.000
349  2019-03-05     NaN      0.000
350  2019-03-04     NaN      0.000
351  2019-03-03     NaN      0.000
352  2019-03-02     NaN      0.000
353  2019-03-01     NaN      0.000
354  2019-02-28     NaN      0.000
355  2019-02-27     NaN      0.000
356  2019-02-26     NaN      0.000
357  2019-02-25     NaN      0.000
358  2019-02-24     NaN      0.000
359  2019-02-23     NaN      0.000
360  2019-02-22     NaN      0.000
361  2019-02-21     NaN      0.000
362  2019-02-20     NaN      0.000
363  2019-02-19     NaN      0.000
364  2019-02-18     NaN      0.000
365  2019-02-17     NaN      0.000
366  2019-02-16     NaN      0.000
367  2019-02-15     NaN      0.000
368  2019-02-14     NaN      0.000
369  2019-02-13     NaN      0.000
370  2019-02-12     NaN      0.000
371  2019-02-11     NaN      0.000
372  2019-02-10     NaN      0.000
373  2019-02-09     NaN      0.000
374  2019-02-08     NaN      0.000
375  2019-02-07     NaN      0.000
376  2019-02-06     NaN      0.000
377  2019-02-05     NaN      0.000
378  2019-02-04     NaN      0.000
379  2019-02-03     NaN      0.000
380  2019-02-02     NaN      0.000
381  2019-02-01     NaN      0.000
382  2019-01-31     NaN      0.000
383  2019-01-30     NaN      0.000
384  2019-01-29     NaN      0.000
385  2019-01-28     NaN      0.000
386  2019-01-27     NaN      0.000
387  2019-01-26     NaN      0.000
388  2019-01-25     NaN      0.000
389  2019-01-24     NaN      0.000
390  2019-01-23     NaN      0.000
391  2019-01-22     NaN      0.000
392  2019-01-21     NaN      0.000
393  2019-01-20     NaN      0.000
394  2019-01-19     NaN    122.690
395  2019-01-18     NaN      0.000
396  2019-01-17     NaN      0.000
397  2019-01-16     NaN      0.000
398  2019-01-15     NaN      0.000
399  2019-01-14     NaN      0.000
400  2019-01-13     NaN      0.000
401  2019-01-12     NaN      0.000
402  2019-01-11     NaN      0.000
403  2019-01-10     NaN      0.000
77   2019-01-09   198.3      0.000
404  2019-01-08     NaN      0.000
405  2019-01-07     NaN      0.000
406  2019-01-06     NaN      0.000
407  2019-01-05     NaN      0.000
78   2019-01-04   195.5      0.000
79   2019-01-03   197.8      0.000
80   2019-01-02   196.6      0.000
81   2019-01-01   198.7      0.000
408  2018-12-31     NaN      0.000
409  2018-12-30     NaN      0.000
410  2018-12-29     NaN      0.000
411  2018-12-28     NaN      0.000
412  2018-12-27     NaN      0.000
413  2018-12-26     NaN      0.000
414  2018-12-25     NaN      0.000
415  2018-12-24     NaN      0.000
416  2018-12-23     NaN      0.000
417  2018-12-22     NaN      0.000
418  2018-12-21     NaN      0.000
419  2018-12-20     NaN      0.000
420  2018-12-19     NaN      0.000
421  2018-12-18     NaN      0.000
422  2018-12-17     NaN      0.000
423  2018-12-16     NaN      0.000
424  2018-12-15     NaN      0.000
425  2018-12-14     NaN      0.000
426  2018-12-13     NaN      0.000
427  2018-12-12     NaN      0.000
428  2018-12-11     NaN      0.000
429  2018-12-10     NaN      0.000
430  2018-12-09     NaN      0.000
431  2018-12-08     NaN      0.000
432  2018-12-07     NaN      0.000
433  2018-12-06     NaN      0.000
434  2018-12-05     NaN      0.000
82   2018-12-04   193.7      0.000
435  2018-12-03     NaN      0.000
83   2018-12-02   197.7      0.000
436  2018-12-01     NaN      0.000
437  2018-11-30     NaN      0.000
438  2018-11-29     NaN      0.000
439  2018-11-28     NaN      0.000
440  2018-11-27     NaN      0.000
441  2018-11-26     NaN      0.000
442  2018-11-25     NaN      0.000
443  2018-11-24     NaN      0.000
444  2018-11-23     NaN      0.000
445  2018-11-22     NaN      0.000
446  2018-11-21     NaN      0.000
447  2018-11-20     NaN      0.000
448  2018-11-19     NaN      0.000
449  2018-11-18     NaN      0.000
450  2018-11-17     NaN      0.000
451  2018-11-16     NaN      0.000
452  2018-11-15     NaN      0.000
453  2018-11-14     NaN      0.000
454  2018-11-13     NaN      0.000
455  2018-11-12     NaN      0.000
456  2018-11-11     NaN      0.000
457  2018-11-10     NaN      0.000
458  2018-11-09     NaN      0.000
459  2018-11-08     NaN      0.000
460  2018-11-07     NaN      0.000
461  2018-11-06     NaN      0.000
462  2018-11-05     NaN      0.000
463  2018-11-04     NaN      0.000
464  2018-11-03     NaN      0.000
465  2018-11-02     NaN      0.000
466  2018-11-01     NaN      0.000
467  2018-10-31     NaN      0.000
468  2018-10-30     NaN      0.000
469  2018-10-29     NaN      0.000
470  2018-10-28     NaN      0.000
471  2018-10-27     NaN      0.000
472  2018-10-26     NaN      0.000
473  2018-10-25     NaN      0.000
474  2018-10-24     NaN      0.000
475  2018-10-23     NaN      0.000
476  2018-10-22     NaN      0.000
477  2018-10-21     NaN      0.000
478  2018-10-20     NaN      0.000
479  2018-10-19     NaN      0.000
480  2018-10-18     NaN      0.000
481  2018-10-17     NaN      0.000
482  2018-10-16     NaN      0.000
483  2018-10-15     NaN      0.000
484  2018-10-14     NaN      0.000
485  2018-10-13     NaN      0.000
84   2018-10-12   190.5      0.000
486  2018-10-11     NaN      8.470
487  2018-10-10     NaN  10536.001
488  2018-10-09     NaN      0.000
489  2018-10-08     NaN      0.000
490  2018-10-07     NaN   4984.960
491  2018-10-06     NaN      0.000
492  2018-10-05     NaN      0.000
493  2018-10-04     NaN      0.000
494  2018-10-03     NaN   6667.524
495  2018-10-02     NaN      0.000
85   2018-10-01   194.8      0.000
496  2018-09-30     NaN      0.000
497  2018-09-29     NaN      0.000
498  2018-09-28     NaN      0.000
499  2018-09-27     NaN      0.000
86   2018-09-26   187.7      0.000
87   2018-09-25   190.1    227.410
500  2018-09-24     NaN  16469.600
88   2018-09-19   185.8        NaN
89   2018-09-14   187.7   6776.041
90   2018-09-13   188.8   9687.428
91   2018-09-12   190.5   9609.869
92   2018-09-11   191.1  15650.471
93   2018-09-10   190.8      0.000
501  2018-09-09     NaN      0.000
502  2018-09-08     NaN      0.000
503  2018-09-07     NaN      0.000
504  2018-09-06     NaN      0.000
505  2018-09-05     NaN      0.000
506  2018-09-04     NaN      0.000
507  2018-09-03     NaN      0.000
508  2018-09-02     NaN      0.000
509  2018-09-01     NaN      0.000
510  2018-08-31     NaN      0.000
94   2018-08-30   184.1      0.000
511  2018-08-29     NaN      0.000
512  2018-08-28     NaN      0.000
513  2018-08-27     NaN      0.000
514  2018-08-26     NaN      0.000
515  2018-08-25     NaN      0.000
516  2018-08-24     NaN      0.000
517  2018-08-23     NaN      0.000
518  2018-08-22     NaN      0.000
519  2018-08-21     NaN      0.000
520  2018-08-20     NaN      0.000
95   2018-08-19   185.0      0.000
521  2018-08-18     NaN      0.000
522  2018-08-17     NaN      0.000
523  2018-08-16     NaN      0.000
524  2018-08-15     NaN      0.000
525  2018-08-14     NaN      0.000
526  2018-08-13     NaN      0.000
527  2018-08-12     NaN      0.000
528  2018-08-11     NaN      0.000
529  2018-08-10     NaN      0.000
530  2018-08-09     NaN      0.000
531  2018-08-08     NaN      0.000
532  2018-08-07     NaN      0.000
533  2018-08-06     NaN      0.000
534  2018-08-05     NaN      0.000
535  2018-08-04     NaN      0.000
536  2018-08-03     NaN      0.000
537  2018-08-02     NaN      0.000
538  2018-08-01     NaN      0.000
539  2018-07-31     NaN      0.000
540  2018-07-30     NaN      0.000
541  2018-07-29     NaN      0.000
542  2018-07-28     NaN      0.000
543  2018-07-27     NaN      0.000
544  2018-07-26     NaN      0.000
545  2018-07-25     NaN      0.000
546  2018-07-24     NaN      0.000
547  2018-07-23     NaN      0.000
548  2018-07-22     NaN      0.000
549  2018-07-21     NaN      0.000
550  2018-07-20     NaN      0.000
551  2018-07-19     NaN      0.000
96   2018-07-18   180.9      0.000
552  2018-07-17     NaN      0.000
553  2018-07-16     NaN      0.000
554  2018-07-15     NaN      0.000
555  2018-07-14     NaN      0.000
556  2018-07-13     NaN      0.000
557  2018-07-12     NaN      0.000
558  2018-07-11     NaN      0.000
97   2018-07-10   180.8      0.000
98   2018-07-09   179.5      0.000
559  2018-07-08     NaN      0.000
560  2018-07-07     NaN      0.000
99   2018-07-06   175.7      0.000
561  2018-07-05     NaN      0.000
100  2018-07-04   177.4      0.000
101  2018-07-03   179.2      0.000
102  2018-07-02   179.5      0.000
562  2018-07-01     NaN      0.000
563  2018-06-30     NaN      0.000
103  2018-06-29   177.8      0.000
104  2018-06-28   176.8      0.000
105  2018-06-27   178.2      0.000
106  2018-06-26   177.2      0.000
107  2018-06-25   179.6      0.000
564  2018-06-24     NaN      0.000
565  2018-06-23     NaN    441.630
108  2018-06-22   176.9   4837.371
109  2018-06-21   177.8  14896.551
110  2018-06-20   178.2   6226.128
111  2018-06-19   178.0   7540.669
112  2018-06-18   179.1   8538.549
113  2018-06-17   179.6   2286.910
114  2018-06-16   178.7   2628.631
115  2018-06-15   179.5   4960.970
116  2018-06-14   179.2   5145.680
117  2018-06-13   179.9   8302.989
118  2018-06-12   179.7   7165.200
119  2018-06-11   179.7   6054.649
120  2018-06-10   179.6      0.000
121  2018-06-09   178.3      0.000
122  2018-06-08   179.0      0.000
123  2018-06-07   180.5      0.000
124  2018-06-06   181.8      0.000
566  2018-06-05     NaN      0.000
125  2018-06-04   184.0      0.000
126  2018-06-03   182.0      0.000
127  2018-06-03   182.4      0.000
128  2018-06-03   186.4      0.000
129  2018-06-02   182.6      0.000
130  2018-06-01   182.3      0.000
131  2018-05-31   184.1      0.000
132  2018-05-30   184.9      0.000
133  2018-05-29   189.2      0.000
134  2018-05-28   188.3      0.000
567  2018-05-27     NaN      0.000
135  2018-05-26   185.0      0.000
136  2018-05-25   182.6      0.000
137  2018-05-24   184.7      0.000
138  2018-05-23   186.4      0.000
139  2018-05-22   187.7      0.000
140  2018-05-21   188.2      0.000
141  2018-05-20   189.8      0.000
142  2018-05-19   190.4      0.000
143  2018-05-18   188.1      0.000
144  2018-05-17   188.8      0.000
145  2018-05-16   189.6      0.000
146  2018-05-15   190.2      0.000
149  2018-05-14   196.7      0.000
148  2018-05-14   192.1      0.000
147  2018-05-14   192.4      0.000
150  2018-05-13   193.1      0.000
568  2018-05-12     NaN      0.000
569  2018-05-11     NaN      0.000
151  2018-05-10   186.4      0.000
152  2018-05-09   187.6      0.000
153  2018-05-08   189.5      0.000
154  2018-05-07   190.4      0.000
570  2018-05-06     NaN      0.000
571  2018-05-05     NaN      0.000
155  2018-05-04   188.9      0.000
156  2018-05-03   189.7      0.000
157  2018-05-02   190.8      0.000
158  2018-05-01   190.2      0.000
159  2018-04-30   192.2      0.000
572  2018-04-29     NaN      0.000
573  2018-04-28     NaN      0.000
160  2018-04-27   196.4      0.000
161  2018-04-26   190.9      0.000
162  2018-04-25   191.6      0.000
163  2018-04-24   193.1      0.000
574  2018-04-23     NaN      0.000
575  2018-04-22     NaN      0.000
164  2018-04-21   194.0      0.000
165  2018-04-20   195.3      0.000
166  2018-04-19   195.7      0.000
576  2018-04-18     NaN      0.000
577  2018-04-17     NaN      0.000
167  2018-04-16   195.7      0.000
168  2018-04-15   195.3      0.000
169  2018-04-14   195.0      0.000
170  2018-04-13   196.7      0.000
171  2018-04-12   197.6      0.000
172  2018-04-11   198.7      0.000
173  2018-04-10   199.6      0.000
578  2018-04-09     NaN      0.000
579  2018-04-08     NaN      0.000
580  2018-04-07     NaN      0.000
174  2018-04-06   201.4      0.000
581  2018-04-05     NaN      0.000
175  2018-04-04   199.9      0.000
178  2018-04-03   205.6      0.000
176  2018-04-03   201.7      0.000
177  2018-04-03   204.2      0.000
179  2018-04-02   202.3      0.000
582  2018-04-01     NaN      0.000
583  2018-03-31     NaN      0.000
180  2018-03-30   199.7      0.000
181  2018-03-29   202.0      0.000
182  2018-03-28   206.6      0.000
183  2018-03-27   202.3      0.000
184  2018-03-26   202.5      0.000
584  2018-03-25     NaN      0.000
585  2018-03-24     NaN      0.000
185  2018-03-23   202.3      0.000
186  2018-03-22   208.5      0.000
187  2018-03-21   205.4      0.000
188  2018-03-20   205.6      0.000
189  2018-03-19   207.4      0.000
586  2018-03-18     NaN      0.000
587  2018-03-17     NaN      0.000
588  2018-03-16     NaN      0.000
589  2018-03-15     NaN      0.000
590  2018-03-14     NaN      0.000
591  2018-03-13     NaN      0.000
190  2018-03-12   204.8      0.000
592  2018-03-11     NaN      0.000
593  2018-03-10     NaN      0.000
594  2018-03-09     NaN      0.000
595  2018-03-08     NaN      0.000
596  2018-03-07     NaN      0.000
597  2018-03-06     NaN      0.000
191  2018-03-05   207.1      0.000
598  2018-03-04     NaN      0.000
599  2018-03-03     NaN      0.000
600  2018-03-02     NaN      0.000
601  2018-03-01     NaN      0.000
602  2018-02-28     NaN      0.000
603  2018-02-27     NaN      0.000
192  2018-02-26   210.3      0.000
604  2018-02-25     NaN      0.000
605  2018-02-24     NaN      0.000
606  2018-02-23     NaN      0.000
607  2018-02-22     NaN      0.000
608  2018-02-21     NaN      0.000
609  2018-02-20     NaN      0.000
193  2018-02-19   207.1      0.000
610  2018-02-18     NaN      0.000
611  2018-02-17     NaN      0.000
612  2018-02-16     NaN      0.000
613  2018-02-15     NaN      0.000
614  2018-02-14     NaN   8185.561
615  2018-02-13     NaN   9957.546
194  2018-02-12   210.1   7866.282
616  2018-02-11     NaN   4019.460
617  2018-02-10     NaN   6841.569
618  2018-02-09     NaN   5181.250
619  2018-02-08     NaN   9569.286
620  2018-02-07     NaN   7481.809
621  2018-02-06     NaN   5710.401
195  2018-02-05   210.2   7391.040
622  2018-02-04     NaN   9213.097
623  2018-02-03     NaN   3562.590
624  2018-02-02     NaN   5833.411
625  2018-02-01     NaN    588.500
626  2018-01-31     NaN  10065.111
627  2018-01-30     NaN   9459.629
196  2018-01-29   211.7    261.880
628  2018-01-28     NaN      0.000
629  2018-01-27     NaN      0.000
630  2018-01-26     NaN      0.000
631  2018-01-25     NaN      0.000
632  2018-01-24     NaN      9.690
633  2018-01-23     NaN   8231.898
197  2018-01-22   214.2   8834.835
634  2018-01-21     NaN   4661.230
635  2018-01-20     NaN   8446.181
636  2018-01-19     NaN   9355.643
637  2018-01-18     NaN   8707.670
638  2018-01-17     NaN  10499.779
198  2018-01-16   211.3   9873.516
639  2018-01-15     NaN   5527.489
640  2018-01-14     NaN   6554.710
641  2018-01-13     NaN   8123.332
642  2018-01-12     NaN    375.060
643  2018-01-11     NaN      0.000
644  2018-01-10     NaN      0.000
645  2018-01-09     NaN      0.000
646  2018-01-08     NaN      0.000
647  2018-01-07     NaN      0.000
648  2018-01-06     NaN      0.000
649  2018-01-05     NaN    622.190
650  2018-01-04     NaN   9689.926
651  2018-01-03     NaN  10301.446
652  2018-01-02     NaN  16063.073
199  2018-01-01   216.2   3168.451
653  2017-12-31     NaN  11014.479
200  2017-12-30   209.5   3604.510
654  2017-12-29     NaN   4743.290
655  2017-12-28     NaN  10599.297
656  2017-12-27     NaN  12566.107
657  2017-12-26     NaN  13621.865
658  2017-12-25     NaN   5309.541
659  2017-12-24     NaN   5610.539
660  2017-12-23     NaN   7278.870
661  2017-12-22     NaN   9494.521
662  2017-12-21     NaN  11598.367
663  2017-12-20     NaN  11879.744
664  2017-12-19     NaN  11182.828
201  2017-12-18   203.1  13864.051
665  2017-12-17     NaN   9752.221
666  2017-12-16     NaN   7331.582
667  2017-12-15     NaN   6474.602
668  2017-12-14     NaN  15514.111
669  2017-12-13     NaN  10390.888
670  2017-12-12     NaN  17880.668
202  2017-12-11   202.8  12653.203
671  2017-12-10     NaN  12230.047
672  2017-12-09     NaN  15484.648
673  2017-12-08     NaN   8522.763
674  2017-12-07     NaN  10870.780
675  2017-12-06     NaN   9884.079
676  2017-12-05     NaN  16288.481
203  2017-12-04   210.2  10270.629
677  2017-12-03     NaN   4867.530
678  2017-12-02     NaN    520.590
679  2017-12-01     NaN   2554.680
680  2017-11-30     NaN  14502.560
681  2017-11-29     NaN  15474.210
682  2017-11-28     NaN  10097.146
205  2017-11-27   209.0  10266.792
204  2017-11-27   209.3  10266.792
683  2017-11-26     NaN   2088.990
684  2017-11-25     NaN   4528.151
685  2017-11-24     NaN   3920.460
686  2017-11-23     NaN   1805.850
687  2017-11-22     NaN   4786.068
688  2017-11-21     NaN   8363.200
206  2017-11-20   203.0  12372.179
689  2017-11-19     NaN   2999.310
690  2017-11-18     NaN   4102.820
691  2017-11-17     NaN   2124.450
207  2017-11-16   198.8   9940.832
692  2017-11-15     NaN   9928.713
693  2017-11-14     NaN  10600.976
208  2017-11-13   208.0  10122.635
694  2017-11-12     NaN   6092.450
695  2017-11-11     NaN  10115.660
696  2017-11-10     NaN   5056.089
697  2017-11-09     NaN  11918.105
698  2017-11-08     NaN  11860.742
699  2017-11-07     NaN   8888.130
209  2017-11-06   207.3  10364.431
700  2017-11-05     NaN   8936.009
701  2017-11-04     NaN   6281.521
702  2017-11-03     NaN  11798.396
703  2017-11-02     NaN   9526.892
704  2017-11-01     NaN   9858.009
705  2017-10-31     NaN  10266.983
210  2017-10-30   206.8   7444.710
706  2017-10-29     NaN   9438.599
707  2017-10-28     NaN   3272.490
708  2017-10-27     NaN   3023.021
709  2017-10-26     NaN  12762.475
710  2017-10-25     NaN  13402.052
711  2017-10-24     NaN   7682.789
211  2017-10-23   210.3   9668.375
712  2017-10-22     NaN   1065.900
713  2017-10-21     NaN   8308.488
714  2017-10-20     NaN   5985.469
715  2017-10-19     NaN  11032.783
716  2017-10-18     NaN   9061.751
717  2017-10-17     NaN  10593.119
212  2017-10-16   208.0   6948.629
718  2017-10-15     NaN  10128.415
719  2017-10-14     NaN   9169.882
720  2017-10-13     NaN   3578.542
721  2017-10-12     NaN   5470.552
213  2017-10-11   211.7   9632.728
722  2017-10-10     NaN   5634.435
723  2017-10-09     NaN   1858.613
724  2017-10-08     NaN   3453.367
725  2017-10-07     NaN  19982.105
726  2017-10-06     NaN   4204.204
727  2017-10-05     NaN   7559.890
728  2017-10-04     NaN   6494.113
729  2017-10-03     NaN   8152.184
214  2017-10-02   209.6   6090.029
730  2017-10-01     NaN   2797.260
731  2017-09-30     NaN   8223.106
732  2017-09-29     NaN    176.200
733  2017-09-28     NaN   4619.159
734  2017-09-27     NaN   9730.637
735  2017-09-26     NaN   7821.251
215  2017-09-25   209.6  11157.596
736  2017-09-24     NaN   3413.034
737  2017-09-23     NaN   4345.908
738  2017-09-22     NaN    188.899
739  2017-09-21     NaN   9198.706
740  2017-09-20     NaN   7348.863
741  2017-09-19     NaN   9646.306
216  2017-09-18   207.6   7812.244
742  2017-09-17     NaN   2555.881
743  2017-09-16     NaN   1038.947
744  2017-09-15     NaN   2977.441
745  2017-09-14     NaN   6327.625
746  2017-09-13     NaN   7728.748
747  2017-09-12     NaN   5807.991
217  2017-09-11   208.6    473.042
218  2017-09-05   207.8        NaN
219  2017-07-31   204.9        NaN
220  2017-07-24   200.1        NaN
221  2017-07-21   196.3        NaN
222  2017-07-20   195.7        NaN
223  2017-07-19   200.8        NaN
224  2017-07-18   202.7        NaN
225  2017-07-17   201.9        NaN
226  2017-07-14   196.1        NaN
227  2017-07-13   196.1        NaN
228  2017-07-12   197.4        NaN
229  2017-07-11   198.6        NaN
230  2017-07-10   198.8        NaN
231  2017-07-07   202.4        NaN
232  2017-07-06   200.7        NaN
233  2017-07-05   202.4        NaN
234  2017-07-04   202.3        NaN
235  2017-07-03   201.6        NaN
236  2017-06-29   197.0        NaN
237  2017-06-28   199.6        NaN
238  2017-06-27   199.1        NaN
239  2017-06-26   201.7        NaN
240  2017-06-23   200.2        NaN
241  2017-06-22   200.3        NaN
242  2017-06-21   200.5        NaN
243  2017-06-20   200.5        NaN
244  2017-06-19   202.9        NaN
245  2017-06-15   202.8        NaN
246  2017-06-14   202.6        NaN
247  2017-06-13   202.0        NaN
248  2017-06-12   203.2        NaN
249  2017-06-09   202.6        NaN
250  2017-06-08   202.3        NaN
251  2017-06-07   204.7        NaN
252  2017-06-06   203.1        NaN
253  2017-06-05   203.7        NaN
254  2017-06-02   204.4        NaN
255  2017-06-01   206.5        NaN
256  2017-05-31   207.1        NaN
257  2017-05-30   209.1        NaN
258  2017-05-29   207.6        NaN
259  2017-05-28   208.0        NaN
260  2017-05-27   207.4        NaN
261  2017-05-26   206.4        NaN
263  2017-05-25   208.9        NaN
264  2017-05-25   208.8        NaN
262  2017-05-25   208.9        NaN
265  2017-05-25   211.0        NaN
